-100	-100	-100	-100	-100	-100	-88	-100	-100	-100	-100	-100	-100	-100	-100	-100	-100	-100	-100	-100	-100	-100	-100	-100	-100	-100	-100	-100	-100	-100	-100	-93	-100	-100	-100	-91	-100	-100	-91	-90	-92
-100	-100	-100	-100	-100	-100	-89	-100	-100	-100	-100	-100	-100	-100	-100	-100	-100	-100	-100	-100	-100	-100	-100	-100	-100	-100	-100	-100	-100	-100	-100	-100	-100	-94	-89	-92	-100	-100	-91	-88	-86
-100	-100	-100	-100	-100	-100	-89	-93	-100	-100	-100	-100	-100	-100	-100	-100	-100	-100	-100	-100	-97	-100	-100	-100	-100	-100	-100	-100	-100	-100	-100	-93	-100	-100	-86	-89	-100	-100	-87	-89	-83
-100	-100	-100	-100	-100	-100	-90	-100	-100	-100	-100	-100	-100	-100	-100	-100	-100	-100	-100	-100	-100	-100	-100	-100	-100	-100	-100	-100	-100	-100	-100	-96	-100	-100	-85	-83	-100	-100	-83	-90	-83
-100	-100	-100	-100	-100	-100	-84	-93	-100	-100	-100	-100	-100	-100	-100	-100	-100	-100	-100	-100	-100	-100	-100	-100	-100	-100	-100	-100	-100	-100	-100	-100	-100	-95	-90	-82	-100	-100	-85	-88	-81
-100	-100	-100	-100	-100	-100	-86	-100	-100	-100	-100	-100	-100	-100	-100	-100	-100	-100	-100	-100	-100	-100	-100	-100	-100	-100	-100	-100	-100	-100	-100	-100	-100	-93	-92	-91	-100	-100	-86	-88	-80
-100	-100	-100	-100	-100	-100	-83	-100	-100	-100	-100	-100	-100	-100	-100	-100	-100	-100	-100	-100	-100	-100	-100	-100	-100	-100	-100	-100	-100	-100	-100	-100	-93	-92	-91	-87	-94	-100	-87	-93	-88
-100	-100	-100	-100	-100	-100	-87	-96	-100	-100	-100	-100	-100	-100	-100	-100	-100	-100	-100	-100	-100	-100	-100	-100	-100	-100	-100	-96	-100	-100	-100	-100	-100	-90	-87	-87	-86	-100	-100	-94	-100
-100	-100	-100	-100	-100	-100	-83	-94	-100	-100	-100	-100	-100	-100	-100	-100	-100	-100	-100	-100	-100	-100	-100	-100	-100	-100	-100	-100	-100	-100	-100	-100	-100	-87	-83	-89	-89	-100	-90	-89	-100
-100	-100	-100	-100	-100	-100	-84	-89	-100	-100	-100	-100	-100	-100	-100	-100	-100	-100	-100	-100	-100	-100	-100	-100	-100	-100	-100	-100	-100	-100	-100	-100	-100	-70	-85	-89	-88	-100	-100	-94	-86
-100	-100	-100	-100	-100	-100	-83	-100	-100	-100	-100	-100	-100	-100	-100	-100	-100	-100	-100	-100	-100	-100	-100	-100	-100	-100	-100	-100	-100	-100	-100	-100	-100	-79	-82	-86	-89	-100	-90	-100	-100
-100	-100	-100	-100	-100	-100	-82	-90	-100	-100	-100	-100	-100	-100	-100	-100	-100	-100	-100	-100	-100	-100	-100	-100	-100	-100	-100	-100	-100	-100	-100	-100	-100	-77	-86	-84	-87	-100	-100	-100	-91
-100	-100	-100	-100	-100	-100	-78	-92	-100	-100	-100	-100	-100	-100	-100	-100	-100	-100	-100	-100	-100	-100	-100	-100	-100	-100	-100	-100	-100	-100	-100	-93	-100	-86	-84	-86	-83	-100	-100	-88	-90
-100	-100	-100	-100	-100	-100	-82	-93	-100	-100	-100	-100	-100	-100	-100	-100	-100	-100	-100	-100	-100	-100	-100	-100	-100	-100	-100	-100	-100	-100	-100	-96	-100	-82	-91	-83	-77	-100	-91	-100	-88
-100	-100	-100	-100	-100	-100	-79	-92	-100	-100	-100	-100	-100	-100	-100	-100	-100	-100	-100	-100	-100	-100	-100	-100	-100	-100	-92	-100	-100	-100	-100	-100	-100	-84	-84	-94	-81	-100	-90	-92	-91
-100	-100	-100	-100	-100	-100	-81	-97	-100	-100	-100	-100	-100	-100	-100	-100	-100	-100	-100	-100	-100	-100	-100	-100	-100	-100	-100	-91	-100	-100	-100	-100	-100	-82	-87	-81	-87	-100	-89	-100	-100
-100	-100	-100	-100	-100	-100	-80	-100	-100	-100	-100	-100	-100	-100	-100	-100	-100	-100	-100	-100	-100	-100	-100	-100	-100	-100	-100	-100	-100	-100	-100	-100	-100	-87	-87	-86	-87	-100	-100	-90	-89
-100	-100	-100	-100	-100	-100	-83	-88	-100	-100	-100	-100	-100	-100	-100	-100	-100	-100	-100	-100	-100	-100	-100	-100	-100	-100	-100	-100	-100	-100	-100	-100	-100	-84	-83	-87	-92	-100	-87	-100	-89
-100	-100	-100	-100	-100	-100	-81	-94	-100	-100	-100	-100	-100	-100	-100	-100	-100	-100	-100	-100	-100	-100	-100	-100	-100	-100	-100	-91	-100	-100	-100	-100	-100	-94	-81	-82	-89	-100	-91	-89	-91
-100	-100	-100	-100	-100	-100	-77	-92	-100	-100	-100	-100	-100	-100	-100	-100	-100	-100	-100	-100	-100	-100	-100	-100	-100	-100	-92	-88	-100	-100	-100	-100	-100	-84	-82	-87	-84	-100	-94	-95	-88
-100	-100	-100	-100	-100	-100	-80	-91	-100	-100	-100	-100	-100	-100	-100	-100	-100	-100	-100	-100	-100	-100	-100	-100	-100	-100	-100	-91	-100	-100	-100	-100	-100	-86	-85	-88	-87	-100	-100	-92	-91
-100	-100	-100	-100	-100	-100	-74	-91	-100	-100	-100	-100	-100	-100	-100	-100	-100	-100	-100	-100	-100	-100	-100	-100	-100	-100	-100	-94	-100	-100	-100	-100	-100	-86	-75	-82	-91	-100	-82	-86	-93
-100	-100	-100	-100	-100	-100	-82	-100	-100	-100	-100	-100	-100	-100	-100	-100	-100	-100	-100	-100	-100	-100	-100	-100	-100	-100	-100	-95	-100	-100	-100	-94	-100	-88	-79	-85	-100	-100	-100	-100	-86
-100	-100	-100	-100	-100	-100	-80	-91	-100	-100	-100	-100	-100	-100	-100	-100	-100	-100	-100	-100	-100	-100	-100	-100	-100	-100	-100	-100	-100	-100	-100	-96	-100	-86	-86	-87	-90	-100	-86	-92	-88
-100	-100	-100	-100	-100	-100	-100	-100	-100	-100	-100	-100	-100	-100	-100	-100	-100	-100	-100	-100	-100	-100	-100	-100	-100	-100	-100	-100	-100	-100	-100	-100	-100	-100	-90	-86	-82	-100	-100	-100	-91
-100	-100	-100	-100	-100	-100	-100	-100	-100	-100	-100	-100	-100	-100	-100	-100	-100	-100	-100	-100	-100	-100	-100	-100	-100	-100	-100	-100	-100	-100	-100	-100	-100	-85	-100	-100	-100	-100	-100	-100	-95
-100	-100	-100	-100	-100	-100	-78	-100	-100	-100	-100	-100	-100	-100	-100	-100	-100	-100	-100	-100	-100	-100	-100	-100	-100	-100	-100	-100	-100	-100	-100	-100	-100	-92	-100	-75	-95	-100	-100	-100	-93
-100	-100	-100	-100	-100	-100	-73	-91	-100	-100	-100	-100	-100	-100	-100	-100	-100	-100	-100	-100	-100	-100	-100	-100	-100	-100	-100	-84	-100	-100	-100	-100	-100	-100	-83	-78	-93	-100	-94	-100	-100
-100	-100	-100	-100	-100	-100	-77	-100	-100	-100	-100	-100	-100	-100	-100	-100	-100	-100	-100	-100	-100	-100	-100	-100	-100	-100	-89	-87	-100	-100	-100	-90	-100	-93	-90	-79	-91	-100	-100	-93	-100
-100	-100	-100	-100	-100	-100	-77	-100	-100	-100	-100	-100	-100	-100	-100	-100	-100	-100	-100	-100	-100	-100	-100	-100	-100	-100	-100	-100	-100	-100	-100	-85	-100	-100	-90	-81	-89	-100	-100	-100	-100
-100	-100	-100	-100	-100	-100	-100	-100	-100	-100	-100	-100	-100	-100	-100	-100	-100	-100	-100	-100	-100	-100	-100	-100	-100	-100	-100	-88	-100	-100	-100	-100	-100	-91	-100	-86	-89	-100	-100	-100	-100
-100	-100	-100	-100	-100	-100	-84	-100	-100	-100	-100	-100	-100	-100	-100	-100	-100	-100	-100	-100	-100	-100	-100	-100	-100	-100	-91	-83	-100	-100	-100	-92	-100	-100	-87	-100	-100	-100	-100	-100	-95
-100	-100	-100	-100	-100	-100	-74	-97	-100	-100	-100	-100	-100	-100	-100	-100	-100	-100	-100	-100	-100	-100	-100	-100	-100	-100	-100	-82	-100	-100	-100	-88	-100	-100	-90	-78	-100	-100	-100	-100	-100
-100	-100	-100	-100	-100	-100	-70	-100	-100	-100	-100	-100	-100	-100	-100	-100	-100	-100	-100	-100	-100	-100	-100	-100	-100	-100	-100	-82	-100	-100	-100	-100	-100	-100	-100	-85	-94	-100	-100	-90	-100
-100	-100	-100	-100	-100	-100	-82	-100	-100	-100	-100	-100	-100	-100	-100	-100	-100	-100	-100	-100	-100	-100	-100	-100	-100	-100	-89	-78	-100	-100	-100	-100	-100	-97	-100	-83	-100	-100	-100	-100	-100
-100	-100	-100	-100	-100	-100	-76	-100	-100	-100	-100	-100	-100	-100	-100	-100	-100	-100	-100	-100	-100	-100	-100	-100	-100	-100	-100	-86	-100	-100	-100	-100	-100	-100	-93	-85	-100	-100	-100	-100	-100
-100	-100	-100	-100	-100	-100	-74	-100	-100	-100	-100	-100	-100	-100	-100	-100	-100	-100	-100	-100	-100	-100	-100	-100	-100	-100	-100	-83	-100	-100	-100	-100	-100	-100	-100	-88	-100	-100	-100	-100	-100
-93	-89	-100	-100	-100	-100	-89	-100	-100	-100	-100	-100	-100	-100	-100	-89	-89	-95	-100	-96	-90	-100	-100	-100	-100	-100	-100	-100	-100	-100	-92	-76	-100	-100	-100	-93	-100	-100	-100	-100	-92
-92	-90	-100	-100	-100	-100	-89	-100	-100	-100	-100	-100	-100	-100	-100	-100	-100	-100	-100	-100	-94	-100	-100	-100	-100	-100	-100	-100	-100	-100	-94	-86	-100	-100	-100	-100	-100	-100	-100	-100	-95
-91	-100	-100	-100	-100	-100	-80	-100	-100	-100	-100	-100	-100	-100	-100	-100	-100	-100	-100	-100	-95	-100	-100	-100	-100	-100	-91	-100	-100	-100	-85	-100	-100	-100	-100	-100	-100	-100	-100	-100	-100
-93	-100	-100	-100	-100	-100	-92	-100	-100	-100	-100	-100	-100	-100	-100	-100	-100	-100	-100	-100	-90	-100	-100	-100	-100	-100	-100	-100	-100	-100	-84	-89	-100	-100	-100	-100	-100	-100	-100	-100	-96
-100	-86	-100	-100	-100	-100	-95	-100	-100	-100	-100	-100	-100	-100	-100	-100	-100	-100	-100	-100	-89	-100	-100	-100	-100	-100	-100	-100	-100	-100	-86	-80	-100	-100	-100	-100	-100	-100	-100	-100	-93
-100	-100	-100	-100	-100	-100	-90	-100	-100	-100	-100	-100	-100	-100	-100	-100	-100	-100	-100	-100	-100	-100	-100	-98	-92	-100	-100	-100	-100	-100	-100	-100	-89	-100	-100	-100	-100	-100	-100	-100	-100
-100	-100	-100	-100	-100	-100	-100	-100	-100	-100	-100	-100	-100	-100	-100	-100	-100	-100	-100	-100	-94	-100	-100	-100	-100	-100	-100	-100	-100	-100	-100	-94	-85	-100	-100	-100	-100	-100	-100	-100	-100
-100	-100	-100	-100	-100	-100	-92	-100	-100	-100	-100	-100	-100	-100	-100	-100	-100	-92	-100	-100	-92	-100	-100	-100	-100	-100	-100	-100	-100	-100	-100	-90	-86	-100	-100	-100	-100	-100	-100	-100	-93
-100	-100	-100	-100	-100	-100	-74	-100	-100	-100	-100	-100	-100	-100	-100	-100	-100	-100	-100	-100	-100	-100	-100	-100	-100	-100	-100	-100	-84	-92	-100	-100	-100	-100	-100	-100	-100	-100	-100	-100	-100
-100	-100	-100	-100	-100	-100	-79	-100	-100	-100	-100	-100	-100	-100	-100	-100	-100	-100	-100	-100	-100	-100	-100	-100	-100	-100	-100	-100	-79	-91	-100	-100	-100	-100	-100	-100	-100	-100	-100	-100	-100
-100	-100	-100	-100	-100	-100	-85	-100	-100	-100	-100	-100	-100	-100	-100	-100	-100	-100	-100	-100	-100	-100	-100	-100	-100	-100	-100	-100	-88	-83	-100	-100	-100	-100	-100	-100	-100	-100	-100	-100	-100
-100	-100	-100	-100	-100	-100	-83	-100	-100	-100	-100	-100	-100	-100	-100	-100	-100	-100	-100	-100	-100	-100	-100	-100	-100	-100	-100	-100	-91	-77	-100	-100	-100	-100	-100	-100	-100	-100	-100	-100	-100
-100	-100	-100	-100	-100	-100	-81	-100	-100	-100	-100	-100	-100	-100	-100	-100	-100	-100	-100	-100	-100	-100	-100	-100	-100	-100	-100	-100	-85	-88	-100	-100	-100	-100	-100	-100	-100	-100	-100	-100	-100
-100	-100	-100	-100	-100	-83	-79	-100	-100	-100	-100	-100	-100	-100	-100	-100	-100	-100	-100	-100	-100	-100	-100	-100	-100	-100	-100	-100	-89	-95	-100	-100	-100	-100	-100	-100	-100	-100	-100	-100	-100
-100	-100	-100	-100	-100	-77	-100	-100	-100	-100	-100	-100	-100	-100	-100	-100	-100	-100	-100	-100	-100	-100	-100	-100	-100	-100	-100	-100	-100	-100	-100	-100	-100	-100	-100	-100	-100	-100	-100	-100	-100
-100	-100	-100	-100	-100	-74	-100	-100	-100	-100	-100	-100	-100	-100	-100	-100	-100	-100	-100	-100	-100	-100	-100	-100	-100	-100	-100	-100	-100	-100	-100	-100	-100	-100	-100	-100	-100	-100	-100	-100	-100
-100	-100	-100	-100	-100	-82	-100	-100	-100	-100	-100	-100	-100	-100	-100	-100	-100	-100	-100	-100	-100	-100	-100	-100	-100	-100	-100	-100	-100	-100	-100	-100	-100	-100	-100	-100	-100	-100	-100	-100	-100
-100	-100	-100	-100	-100	-91	-94	-100	-100	-100	-100	-100	-100	-100	-100	-100	-100	-100	-100	-100	-100	-100	-100	-100	-100	-100	-100	-100	-100	-100	-100	-100	-100	-100	-100	-100	-100	-100	-100	-100	-100
-100	-100	-100	-100	-100	-88	-100	-100	-100	-100	-100	-100	-100	-100	-100	-100	-100	-100	-100	-100	-100	-100	-100	-100	-100	-100	-100	-100	-100	-100	-100	-100	-100	-100	-100	-100	-100	-100	-100	-100	-100
-100	-100	-100	-100	-100	-84	-100	-100	-100	-100	-100	-100	-100	-100	-100	-100	-100	-100	-100	-100	-100	-100	-100	-100	-100	-100	-100	-100	-100	-100	-100	-100	-100	-100	-100	-100	-100	-100	-100	-100	-100
-100	-100	-100	-100	-100	-85	-81	-100	-100	-100	-100	-100	-100	-100	-100	-100	-100	-100	-100	-100	-100	-100	-100	-100	-100	-100	-100	-100	-93	-100	-100	-100	-100	-100	-100	-100	-100	-100	-100	-100	-100
-100	-100	-100	-100	-100	-100	-57	-100	-100	-100	-100	-100	-100	-100	-100	-100	-100	-100	-100	-100	-100	-100	-100	-100	-100	-100	-100	-100	-100	-100	-100	-100	-100	-100	-100	-100	-100	-100	-100	-100	-100
-100	-100	-100	-100	-100	-100	-56	-100	-100	-100	-100	-100	-100	-100	-100	-100	-100	-100	-100	-100	-100	-100	-100	-100	-100	-100	-100	-100	-100	-100	-100	-100	-100	-100	-100	-100	-100	-100	-100	-100	-100
-100	-100	-100	-100	-100	-100	-52	-100	-100	-100	-100	-100	-100	-100	-100	-100	-100	-100	-100	-100	-100	-100	-100	-100	-100	-100	-100	-100	-100	-100	-100	-100	-100	-100	-100	-100	-100	-100	-100	-100	-100
-100	-100	-100	-100	-100	-100	-50	-100	-100	-100	-100	-100	-100	-100	-100	-100	-100	-100	-100	-100	-100	-100	-100	-100	-100	-100	-100	-100	-100	-100	-100	-100	-100	-100	-100	-100	-100	-100	-100	-100	-100
-100	-100	-100	-100	-100	-100	-90	-100	-100	-100	-100	-100	-100	-100	-100	-100	-100	-87	-100	-79	-79	-86	-92	-92	-100	-100	-100	-100	-100	-100	-100	-100	-100	-100	-100	-100	-100	-100	-100	-100	-100
-100	-100	-100	-100	-100	-100	-100	-100	-100	-100	-100	-100	-100	-100	-100	-100	-100	-88	-100	-80	-79	-90	-100	-100	-90	-100	-100	-100	-100	-100	-100	-100	-100	-100	-100	-100	-100	-100	-100	-100	-100
-100	-100	-100	-100	-100	-100	-100	-100	-100	-100	-100	-100	-100	-100	-100	-100	-100	-86	-100	-79	-92	-100	-93	-100	-90	-100	-100	-100	-100	-100	-100	-100	-100	-100	-100	-100	-100	-100	-95	-100	-100
-100	-100	-100	-100	-100	-100	-92	-100	-100	-100	-100	-100	-100	-100	-100	-100	-91	-83	-100	-79	-78	-88	-91	-100	-91	-100	-100	-100	-100	-100	-100	-100	-100	-100	-100	-100	-100	-100	-100	-100	-100
-100	-100	-100	-100	-100	-100	-100	-100	-100	-100	-100	-100	-100	-100	-100	-100	-100	-81	-100	-78	-90	-100	-91	-95	-96	-100	-100	-100	-100	-100	-100	-100	-100	-100	-100	-100	-100	-100	-100	-100	-100
-100	-100	-100	-100	-100	-100	-100	-100	-100	-100	-100	-100	-100	-100	-100	-100	-100	-82	-100	-86	-81	-91	-100	-91	-100	-100	-100	-100	-100	-100	-100	-100	-100	-100	-100	-100	-100	-100	-100	-100	-100
-100	-100	-100	-100	-100	-100	-97	-100	-100	-100	-100	-100	-100	-100	-100	-90	-100	-87	-100	-82	-81	-100	-95	-91	-92	-100	-100	-100	-100	-100	-100	-100	-100	-100	-100	-100	-100	-100	-100	-100	-100
-100	-100	-100	-100	-100	-100	-93	-100	-100	-100	-100	-100	-100	-100	-100	-100	-100	-87	-100	-82	-83	-100	-93	-100	-93	-100	-100	-100	-100	-100	-100	-96	-100	-100	-100	-100	-100	-100	-100	-100	-100
-100	-100	-100	-100	-100	-100	-100	-100	-100	-100	-100	-100	-100	-100	-100	-87	-84	-74	-100	-86	-87	-91	-98	-100	-91	-100	-100	-100	-100	-100	-100	-93	-100	-100	-100	-100	-100	-100	-100	-100	-100
-100	-100	-100	-100	-100	-100	-93	-100	-100	-100	-100	-100	-100	-100	-100	-92	-100	-81	-100	-89	-83	-95	-100	-100	-92	-100	-100	-100	-100	-100	-100	-92	-100	-100	-100	-100	-100	-100	-100	-100	-100
-100	-100	-100	-100	-100	-100	-88	-100	-100	-100	-100	-100	-100	-100	-100	-86	-86	-78	-100	-87	-83	-93	-100	-100	-93	-100	-100	-100	-100	-100	-100	-91	-100	-100	-100	-100	-100	-100	-100	-100	-100
-100	-100	-100	-100	-100	-100	-92	-100	-100	-100	-100	-95	-100	-100	-100	-91	-100	-78	-100	-84	-85	-92	-92	-100	-94	-100	-100	-100	-100	-100	-100	-100	-100	-100	-100	-100	-100	-100	-100	-100	-100
-100	-100	-100	-100	-100	-100	-93	-100	-100	-100	-100	-95	-100	-100	-100	-84	-82	-78	-100	-87	-79	-93	-93	-100	-88	-100	-100	-100	-100	-100	-100	-100	-100	-100	-100	-100	-100	-100	-100	-100	-93
-100	-100	-100	-100	-100	-100	-94	-100	-100	-100	-100	-100	-100	-100	-100	-84	-92	-78	-100	-86	-81	-95	-100	-97	-100	-100	-100	-100	-100	-100	-100	-100	-100	-100	-100	-100	-100	-100	-100	-100	-100
-100	-100	-100	-100	-100	-100	-91	-100	-100	-100	-100	-95	-100	-100	-100	-90	-90	-77	-100	-84	-86	-100	-93	-100	-100	-100	-100	-100	-100	-100	-100	-92	-100	-100	-100	-100	-100	-100	-100	-100	-100
-100	-100	-100	-100	-100	-100	-100	-100	-100	-100	-100	-100	-100	-100	-100	-89	-87	-85	-100	-84	-79	-93	-100	-100	-95	-100	-100	-100	-100	-100	-100	-90	-100	-100	-100	-100	-100	-100	-100	-100	-100
-100	-100	-100	-100	-100	-100	-91	-100	-100	-100	-100	-93	-100	-100	-100	-81	-80	-85	-100	-92	-89	-100	-100	-100	-100	-100	-100	-100	-100	-100	-100	-91	-100	-100	-100	-100	-100	-100	-100	-100	-99
-100	-100	-100	-100	-100	-100	-90	-100	-100	-100	-100	-88	-100	-100	-100	-77	-81	-86	-100	-93	-87	-100	-93	-100	-93	-100	-100	-100	-100	-100	-94	-91	-100	-100	-100	-100	-100	-100	-100	-100	-100
-100	-100	-100	-100	-100	-100	-89	-100	-100	-100	-100	-100	-100	-100	-100	-100	-78	-88	-100	-89	-87	-100	-100	-96	-90	-100	-100	-100	-100	-100	-92	-91	-100	-100	-100	-100	-100	-100	-100	-100	-100
-100	-100	-100	-100	-100	-100	-92	-100	-100	-100	-100	-93	-100	-100	-100	-76	-84	-85	-100	-91	-88	-100	-100	-100	-100	-100	-100	-100	-100	-100	-100	-94	-100	-100	-100	-100	-100	-100	-100	-100	-100
-100	-100	-100	-100	-100	-100	-92	-100	-100	-100	-100	-94	-100	-100	-100	-85	-73	-86	-100	-90	-87	-94	-100	-100	-95	-100	-100	-100	-100	-100	-100	-86	-100	-100	-100	-100	-100	-100	-100	-100	-100
-100	-100	-100	-100	-100	-100	-84	-100	-100	-100	-100	-86	-100	-100	-100	-86	-81	-100	-100	-100	-87	-100	-93	-100	-100	-100	-100	-100	-100	-100	-92	-96	-100	-100	-100	-100	-100	-100	-100	-100	-100
-100	-100	-100	-100	-100	-100	-85	-100	-100	-100	-100	-86	-100	-100	-100	-81	-86	-90	-100	-92	-89	-100	-100	-100	-100	-100	-100	-100	-100	-100	-100	-100	-100	-100	-100	-100	-100	-100	-100	-100	-100
-100	-100	-100	-100	-100	-100	-83	-100	-100	-95	-100	-87	-100	-100	-100	-84	-82	-89	-100	-92	-88	-100	-100	-100	-100	-100	-100	-100	-100	-100	-87	-100	-100	-100	-100	-100	-100	-100	-100	-100	-100
-100	-100	-100	-100	-100	-100	-83	-100	-100	-100	-100	-86	-100	-100	-100	-85	-85	-100	-100	-100	-86	-100	-100	-100	-94	-100	-100	-100	-100	-100	-89	-94	-100	-100	-100	-100	-100	-100	-100	-100	-100
-100	-100	-100	-100	-100	-100	-86	-100	-100	-100	-100	-85	-100	-100	-100	-100	-83	-91	-100	-100	-100	-100	-100	-100	-100	-100	-100	-100	-100	-100	-90	-100	-100	-100	-100	-100	-100	-100	-100	-100	-100
-100	-100	-100	-100	-100	-100	-88	-100	-100	-100	-100	-86	-100	-100	-100	-81	-82	-90	-100	-100	-88	-100	-100	-100	-100	-100	-100	-100	-100	-100	-91	-100	-100	-100	-100	-100	-100	-100	-100	-100	-100
-100	-100	-100	-100	-100	-100	-82	-100	-100	-89	-100	-86	-100	-100	-100	-100	-100	-89	-100	-100	-93	-100	-100	-100	-92	-100	-100	-100	-100	-100	-89	-88	-100	-100	-100	-100	-100	-100	-100	-100	-100
-100	-100	-100	-100	-100	-100	-89	-100	-100	-100	-100	-78	-100	-100	-100	-90	-100	-90	-100	-100	-100	-100	-100	-100	-100	-100	-100	-100	-100	-100	-87	-100	-100	-100	-100	-100	-100	-100	-100	-100	-100
-100	-100	-100	-100	-100	-100	-87	-100	-100	-100	-100	-80	-100	-100	-100	-88	-100	-100	-100	-100	-100	-100	-100	-100	-100	-100	-100	-100	-100	-100	-96	-100	-100	-100	-100	-100	-100	-100	-100	-100	-100
-100	-100	-100	-100	-100	-100	-80	-100	-100	-100	-100	-86	-100	-100	-100	-100	-100	-100	-100	-100	-94	-100	-100	-100	-100	-100	-100	-100	-100	-100	-92	-100	-100	-100	-100	-100	-100	-100	-100	-100	-100
-100	-100	-100	-100	-100	-100	-86	-100	-100	-100	-100	-78	-100	-100	-100	-100	-100	-100	-100	-100	-100	-100	-100	-100	-100	-100	-100	-100	-100	-100	-96	-100	-100	-100	-100	-100	-100	-100	-100	-100	-100
-100	-100	-100	-100	-100	-100	-88	-100	-100	-100	-100	-84	-100	-100	-100	-90	-86	-92	-100	-100	-100	-100	-100	-100	-100	-100	-100	-100	-100	-100	-100	-100	-100	-100	-100	-100	-100	-100	-100	-100	-100
-100	-100	-100	-100	-100	-100	-87	-100	-100	-100	-100	-85	-100	-100	-100	-92	-100	-100	-100	-100	-100	-100	-100	-100	-100	-100	-100	-100	-100	-100	-100	-100	-100	-100	-100	-100	-100	-100	-100	-100	-100
-100	-100	-100	-100	-100	-100	-86	-100	-100	-100	-100	-83	-100	-100	-100	-100	-100	-94	-100	-100	-100	-100	-100	-100	-100	-100	-100	-100	-100	-100	-100	-100	-100	-100	-100	-100	-100	-100	-100	-100	-100
-100	-100	-100	-100	-100	-100	-88	-100	-100	-94	-100	-77	-100	-100	-100	-92	-91	-100	-100	-100	-91	-100	-100	-100	-100	-100	-100	-100	-100	-100	-100	-100	-100	-100	-100	-100	-100	-100	-100	-100	-100
-100	-100	-100	-100	-100	-100	-83	-100	-100	-100	-100	-85	-100	-100	-100	-91	-100	-100	-100	-100	-89	-100	-100	-100	-93	-100	-100	-100	-100	-100	-94	-100	-100	-100	-100	-100	-100	-100	-100	-100	-100
-100	-100	-100	-100	-100	-100	-85	-100	-100	-82	-100	-89	-100	-100	-100	-100	-100	-100	-100	-100	-100	-100	-100	-100	-100	-100	-100	-100	-100	-100	-100	-100	-100	-100	-100	-100	-100	-100	-100	-100	-100
-100	-100	-100	-100	-100	-100	-100	-100	-100	-87	-100	-85	-100	-100	-100	-100	-100	-100	-100	-100	-100	-100	-100	-100	-100	-100	-100	-100	-100	-100	-100	-100	-100	-100	-100	-100	-100	-100	-100	-100	-100
-100	-100	-100	-100	-100	-100	-81	-100	-100	-100	-100	-90	-100	-100	-100	-100	-100	-100	-100	-100	-94	-100	-100	-100	-100	-100	-100	-100	-100	-100	-94	-100	-100	-100	-100	-100	-100	-100	-100	-100	-100
-100	-100	-100	-100	-100	-100	-85	-100	-100	-100	-100	-86	-100	-100	-100	-100	-100	-100	-100	-100	-100	-100	-100	-100	-100	-100	-100	-100	-100	-100	-96	-100	-100	-100	-100	-100	-100	-100	-100	-100	-100
-100	-100	-100	-100	-100	-100	-80	-100	-100	-100	-100	-85	-100	-100	-100	-100	-100	-100	-100	-100	-100	-100	-100	-100	-100	-100	-100	-100	-100	-100	-100	-100	-100	-100	-100	-100	-100	-100	-100	-100	-100
-100	-100	-100	-100	-100	-100	-82	-100	-100	-100	-100	-87	-100	-100	-100	-100	-100	-100	-100	-100	-100	-100	-100	-100	-100	-100	-100	-100	-100	-100	-100	-100	-100	-100	-100	-100	-100	-100	-100	-100	-100
-100	-100	-100	-100	-100	-100	-87	-100	-100	-100	-100	-93	-100	-100	-100	-100	-92	-100	-100	-100	-100	-100	-100	-100	-100	-100	-100	-100	-100	-100	-100	-100	-100	-100	-100	-100	-100	-100	-100	-100	-100
-100	-100	-100	-100	-100	-100	-100	-100	-100	-100	-100	-100	-100	-100	-100	-100	-100	-90	-100	-87	-82	-80	-85	-86	-93	-100	-100	-100	-100	-100	-100	-100	-100	-100	-100	-100	-100	-100	-100	-100	-100
-100	-100	-100	-100	-100	-100	-100	-100	-100	-100	-100	-100	-100	-100	-100	-100	-100	-91	-100	-83	-83	-74	-87	-85	-83	-100	-100	-100	-100	-100	-100	-100	-100	-100	-100	-100	-100	-100	-100	-100	-100
-100	-100	-100	-100	-100	-100	-100	-100	-100	-100	-100	-100	-100	-100	-100	-100	-100	-90	-100	-88	-80	-79	-81	-89	-84	-100	-100	-100	-100	-100	-100	-100	-100	-100	-100	-100	-100	-100	-100	-100	-100
-100	-100	-100	-100	-100	-100	-100	-100	-100	-100	-100	-100	-100	-100	-100	-100	-100	-100	-100	-80	-85	-90	-92	-88	-85	-100	-100	-100	-100	-100	-100	-100	-100	-100	-100	-100	-100	-100	-100	-100	-100
-100	-100	-100	-100	-100	-100	-100	-100	-100	-100	-100	-100	-100	-100	-100	-100	-100	-87	-100	-84	-86	-85	-81	-90	-88	-100	-100	-100	-100	-100	-100	-100	-100	-100	-100	-100	-100	-100	-100	-100	-100
-100	-100	-100	-100	-100	-100	-100	-100	-100	-100	-100	-100	-100	-100	-100	-100	-100	-86	-100	-82	-82	-80	-83	-100	-89	-100	-100	-100	-100	-100	-100	-100	-100	-100	-100	-100	-100	-100	-100	-100	-100
-100	-100	-100	-100	-100	-100	-100	-100	-100	-100	-100	-100	-100	-100	-100	-92	-100	-90	-100	-93	-88	-80	-85	-90	-88	-100	-100	-100	-100	-100	-100	-100	-100	-100	-100	-100	-100	-100	-100	-100	-100
-100	-100	-100	-100	-100	-100	-95	-100	-100	-100	-100	-100	-100	-100	-100	-100	-100	-100	-100	-86	-86	-76	-81	-88	-91	-100	-100	-100	-100	-100	-100	-100	-100	-100	-100	-100	-100	-100	-100	-100	-100
-100	-100	-100	-100	-100	-100	-100	-100	-100	-100	-100	-100	-100	-100	-100	-100	-100	-88	-100	-85	-80	-80	-90	-81	-90	-100	-100	-100	-100	-100	-100	-100	-100	-100	-100	-100	-100	-100	-100	-100	-100
